110101001010000101011101001011000100100010001010100101001000010001111101001101000010001011001011101000111100101011111100101
10101001010000101011101001011100101011111100101
10101001010000101010010100010010001000000100100010001010100101001000010001111101001101000010001011001011101000111100101011111100101
10101001010000101011101001011010100000100100010001010100101001000010001111101001101000010001011001011101000111100101011111100101
101010000100100010001010100101001000010001111101001101000010001011001011101000111100101011111100101
101000010010001000101010010100100001000111110100110000100100010001010100101001000010001111101001101000010001011001011101000111100101011111100101
10101001010000101011101001011000010001011001011101000111100101011111100101
10101001010000101011101001011001010000101011101001010101000010101110100101101001000010001111101001101000010001011001011101000111100101011111100101
10101001010000100010010001000101010010100100001000111110100110100001000101100000100100010001010100101001000010001111101001101000010001011001011101000111100101011111100101
101010010100000010010001000101010000100100010001010100101001000010001111101001101000010001011001011101000111100101011111100101
10101001010000101011101001010101001000010001111101001101000010001011001011101000111100101011111100101
10101001010000101011101001010101011101001011011101000111100101011111100101
1010100101000010101110100101010111010010111000100000100100010001010100101001000010001111101001101000010001011001011101000111100101011111100101
101010010000100100010001010100101001000010001111101001101000010001011001011101000111100101011111100101
1010100101000010101110100101100001010111010000100100010001010100101001000010001111101001101000010001011001011101000111100101011111100101
10101001010000101011101001010101100010001010100101001000010001111101001101000010001011001011101000111100101011111100101
101010010100001010111000100100010001010100101001000010001111101001101000010001011001011101000111100101011111100101
1010100101000010101110100101010000100100010001010100101001000010001111101001101000010001011001011101000111100101011111100101
10101001010000101011101001010101100101011111100101
101010010100001010111010010111100101011000100100010001010100101001000010001111101001101000010001011001011101000100010010001000000100100010001010100101001000010001111101001101000010001011001011101000111100101011111100101
10101001010000101011101001011010100101001000010001111101001101000010001011001011101000111100101011111100101
101010010100001010111010010111100101011111100101
1010100101000010101000100100010001010100101001000010001111101001101000010001011001011101000111100101011111100101
10101001010000101011101001011101001011110000100100010001010100101001000010001111101001101000010001011001011101000111100101011111100101
101010010100001010111000100100010001010100101001000010001111101001101000010001011001011101000111100101011111100101
1010100101000010101110100101010010100100100010001010100101001000010001111101001101000010001011001011101000111100101011111100101
101010010100001010111010010110010